lastAccountName: '11111'
timestamps:
  login: 1594881188891
  logout: 1594881589362
ipAddress: 127.0.0.1
logoutlocation:
  world: world
  x: 198.04409870469033
  y: 83.28723078032111
  z: 199.95552637076463
  yaw: -7.3497314
  pitch: 49.94999
