lastAccountName: TengShan
timestamps:
  login: 1594907226077
  logout: 1594908210463
  lastteleport: 1594907682503
ipAddress: 127.0.0.1
logoutlocation:
  world: world_the_end
  x: -32.54112202715092
  y: 82.0
  z: -24.30000001192093
  yaw: -7.7368
  pitch: -20.94364
lastlocation:
  world: world
  x: 261.81903908088395
  y: 71.0
  z: -647.4601920718864
  yaw: -344.4847
  pitch: 24.245607
